25 images
SIFID:  0.059487652   WGAN-GP
SIFID:  0.05950917    WGAN-GP-SN

30 images
SIFID:  0.049597044   WGAN-GP
SIFID:  0.049614962   WGAN-GP-SN